   0.8600000E+02   0.2400000E+02   0.9329228E+01   0.3776227E+02   0.3431010E+01   0.3388316E+01   0.5861534E-04 S0001  
   0.8800000E+02   0.2400000E+02   0.1106356E+02   0.3700326E+02   0.1162152E+01   0.9982213E+00   0.3883503E-04 S0002  
   0.9800000E+02   0.2400000E+02  -0.3947839E+01  -0.3174988E+01   0.6306688E+00   0.6864238E+00   0.9655939E-07 S0004  
   0.1000000E+03   0.2400000E+02   0.4228107E+00  -0.8780952E+01   0.5299444E+00   0.4921456E+00   0.2646562E-08 S0005  
   0.1020000E+03   0.2400000E+02   0.2889359E+01  -0.9872725E+01   0.4004758E+00   0.3941358E+00   0.1393321E-08 S0006  
   0.1040000E+03   0.2400000E+02   0.7573332E+01  -0.2460966E+01   0.5767796E+00   0.4984237E+00   0.2592658E-09 S0007  
   0.1060000E+03   0.2400000E+02   0.7841634E+01  -0.2764393E+01   0.8703053E+00   0.7969529E+00  -0.8463216E-08 S0008  
   0.8200000E+02   0.2500000E+02   0.9903487E+01   0.3984208E+02   0.3506043E+01   0.3510522E+01   0.6975810E-05 S0009  
   0.8600000E+02   0.2500000E+02   0.1013009E+02   0.3814419E+02   0.1947879E+01   0.1928960E+01   0.1529546E-03 S0010  
   0.8800000E+02   0.2500000E+02   0.1072880E+02   0.3686380E+02   0.1083396E+01   0.9856608E+00   0.1279155E-03 S0011  
   0.9000000E+02   0.2500000E+02   0.1292546E+02   0.3677200E+02   0.6738883E+00   0.7004425E+00  -0.2444246E-04 S0012  
   0.9200000E+02   0.2500000E+02   0.1237781E+02   0.3356962E+02   0.6050501E+00   0.5892035E+00  -0.4803945E-06 S0013  
   0.9400000E+02   0.2500000E+02   0.4366371E+01   0.2528185E+02   0.6080382E+00   0.5713429E+00   0.8506751E-07 S0014  
   0.9800000E+02   0.2500000E+02  -0.3568997E+01  -0.4013038E+01   0.4653907E+00   0.4339150E+00   0.4913664E-06 S0016  
   0.1000000E+03   0.2500000E+02   0.1195072E+01  -0.1029317E+02   0.4248264E+00   0.4082268E+00   0.3862916E-06 S0017  
   0.1020000E+03   0.2500000E+02   0.4464901E+01  -0.1167034E+02   0.3350244E+00   0.2962444E+00   0.4881690E-06 S0018  
   0.1040000E+03   0.2500000E+02   0.7443219E+01  -0.3055354E+01   0.4618622E+00   0.4524334E+00   0.3834938E-08 S0019  
   0.1060000E+03   0.2500000E+02   0.7767734E+01  -0.2614122E+01   0.8546553E+00   0.7777193E+00  -0.5537371E-07 S0020  
   0.8000000E+02   0.2600000E+02   0.9217818E+01   0.3716293E+02   0.2105040E+01   0.2099352E+01   0.3436379E-05 S0021  
   0.8200000E+02   0.2600000E+02   0.9874040E+01   0.3921404E+02   0.2197756E+01   0.2202661E+01   0.1240793E-04 S0022  
   0.8400000E+02   0.2600000E+02   0.1010491E+02   0.3930013E+02   0.1541898E+01   0.1567600E+01   0.2302197E-04 S0023  
   0.8600000E+02   0.2600000E+02   0.1060518E+02   0.3809795E+02   0.1124340E+01   0.1124220E+01   0.3278103E-03 S0024  
   0.8800000E+02   0.2600000E+02   0.1148862E+02   0.3717957E+02   0.8968481E+00   0.8795063E+00   0.1145170E-03 S0025  
   0.9000000E+02   0.2600000E+02   0.1240018E+02   0.3560746E+02   0.6984525E+00   0.6962370E+00  -0.1889253E-03 S0026  
   0.9200000E+02   0.2600000E+02   0.1152306E+02   0.3233184E+02   0.4238999E+00   0.4227166E+00  -0.3999035E-05 S0027  
   0.9600000E+02   0.2600000E+02   0.5056380E+01   0.1376006E+02   0.1099099E+01   0.1087752E+01   0.1661846E-04 S0029  
   0.9800000E+02   0.2600000E+02  -0.3447802E+00  -0.4220614E+01   0.7141784E+00   0.6852716E+00   0.5856036E-04 S0030  
   0.1000000E+03   0.2600000E+02   0.2694010E+01  -0.1196439E+02   0.3678152E+00   0.3505661E+00   0.7670517E-04 S0031  
   0.1020000E+03   0.2600000E+02   0.7378673E+01  -0.1206429E+02   0.4094378E+00   0.3770322E+00   0.7039837E-03 S0032  
   0.1040000E+03   0.2600000E+02   0.7550796E+01  -0.3356038E+01   0.4723385E+00   0.4430481E+00   0.5901997E-06 S0033  
   0.1060000E+03   0.2600000E+02   0.7946290E+01  -0.2894614E+01   0.5707647E+00   0.5999853E+00  -0.6633550E-07 S0034  
   0.8000000E+02   0.2700000E+02   0.9234076E+01   0.3679276E+02   0.1255520E+01   0.1250945E+01   0.4605844E-05 S0035  
   0.8200000E+02   0.2700000E+02   0.9798882E+01   0.3825032E+02   0.1231216E+01   0.1233651E+01   0.2689016E-04 S0036  
   0.8400000E+02   0.2700000E+02   0.9796425E+01   0.3787834E+02   0.6968263E+00   0.7504798E+00   0.1375645E-04 S0037  
   0.9000000E+02   0.2700000E+02   0.1351970E+02   0.3256951E+02   0.5946541E+00   0.6047177E+00  -0.3822592E-02 S0040  
   0.9400000E+02   0.2700000E+02   0.1292426E+02   0.2436726E+02   0.8525838E+00   0.8639380E+00   0.1917297E-03 S0041  
   0.9600000E+02   0.2700000E+02   0.9608858E+01   0.1521756E+02   0.1063811E+01   0.1056353E+01   0.4358905E-04 S0042  
   0.1020000E+03   0.2700000E+02   0.9831287E+01  -0.1194490E+02   0.3453681E+00   0.3590175E+00   0.6597840E-02 S0044  
   0.1040000E+03   0.2700000E+02   0.7666006E+01  -0.2952736E+01   0.5197249E+00   0.5129233E+00  -0.5054272E-05 S0045  
   0.1060000E+03   0.2700000E+02   0.7729534E+01  -0.3044023E+01   0.5367250E+00   0.5687513E+00  -0.1605855E-04 S0046  
   0.8000000E+02   0.2800000E+02   0.9418530E+01   0.3651172E+02   0.9037407E+00   0.9041793E+00   0.4708441E-05 S0047  
   0.8200000E+02   0.2800000E+02   0.9214526E+01   0.3590306E+02   0.5295548E+00   0.5424232E+00   0.5582178E-04 S0048  
   0.8400000E+02   0.2800000E+02   0.8986377E+01   0.3336055E+02   0.3625592E+00   0.4112939E+00  -0.2962022E-04 S0049  
   0.8800000E+02   0.2800000E+02   0.1317425E+02   0.2703608E+02   0.4551322E+00   0.5795745E+00   0.1643347E-02 S0050  
   0.9000000E+02   0.2800000E+02   0.1431224E+02   0.2714898E+02   0.4666791E+00   0.5489148E+00  -0.1483967E-01 S0051  
   0.9200000E+02   0.2800000E+02   0.1546669E+02   0.2008721E+02   0.5010225E+00   0.5303267E+00   0.1285750E-01 S0052  
   0.9400000E+02   0.2800000E+02   0.1571934E+02   0.1795718E+02   0.8834354E+00   0.9260963E+00  -0.4529761E-03 S0053  
   0.9800000E+02   0.2800000E+02   0.1005817E+02  -0.5677865E+01   0.6581961E+00   0.6440076E+00   0.3747120E-02 S0055  
   0.1000000E+03   0.2800000E+02   0.9210211E+01  -0.1415643E+02   0.3857272E+00   0.3988512E+00   0.2827089E-01 S0056  
   0.1020000E+03   0.2800000E+02   0.1116780E+02  -0.1109560E+02   0.3376298E+00   0.3596935E+00   0.1164054E-01 S0057  
   0.1040000E+03   0.2800000E+02   0.7182442E+01  -0.2231731E+01   0.3994531E+00   0.3997145E+00   0.4868467E-03 S0058  
   0.1060000E+03   0.2800000E+02   0.7796691E+01  -0.2984159E+01   0.5145202E+00   0.5772185E+00  -0.2467407E-02 S0059  
   0.1080000E+03   0.2800000E+02   0.5852910E+01  -0.3084679E+01   0.1514073E+01   0.1623926E+01  -0.8089397E-04 S0060  
   0.7800000E+02   0.2900000E+02   0.6525819E+01   0.3424723E+02   0.6466243E+00   0.6643725E+00  -0.2118491E-06 S0061  
   0.8200000E+02   0.2900000E+02   0.6751329E+01   0.2959112E+02   0.4530859E+00   0.4393815E+00   0.1595464E-02 S0062  
   0.8400000E+02   0.2900000E+02   0.7511118E+01   0.2645627E+02   0.4231560E+00   0.5237293E+00   0.3357648E-02 S0063  
   0.8600000E+02   0.2900000E+02   0.7523579E+01   0.2380656E+02   0.3693351E+00   0.5380899E+00   0.6147274E-02 S0064  
   0.8800000E+02   0.2900000E+02   0.1270500E+02   0.2329244E+02   0.3536118E+00   0.5538915E+00  -0.2700329E-02 S0065  
   0.9000000E+02   0.2900000E+02   0.1569642E+02   0.2272285E+02   0.3242465E+00   0.4641767E+00   0.1060126E-02 S0066  
   0.9200000E+02   0.2900000E+02   0.1822681E+02   0.1661785E+02   0.3852853E+00   0.5393237E+00   0.1823026E-01 S0067  
   0.9400000E+02   0.2900000E+02   0.1681675E+02   0.1230174E+02   0.7180212E+00   0.8197906E+00  -0.8123833E-02 S0068  
   0.9800000E+02   0.2900000E+02   0.1401116E+02  -0.6542668E+01   0.4569288E+00   0.5222940E+00   0.7958371E-02 S0069  
   0.1000000E+03   0.2900000E+02   0.1348642E+02  -0.1193130E+02   0.3490686E+00   0.4096626E+00   0.1870432E-01 S0070  
   0.1060000E+03   0.2900000E+02   0.6804569E+01  -0.2540112E+01   0.5217806E+00   0.5742697E+00  -0.2900792E-01 S0073  
   0.1080000E+03   0.2900000E+02   0.6065958E+01  -0.2399504E+01   0.8238191E+00   0.9044953E+00  -0.4718284E-03 S0074  
   0.7600000E+02   0.3000000E+02   0.4654061E+01   0.3193922E+02   0.1313014E+01   0.1304901E+01  -0.6502749E-05 S0075  
   0.8000000E+02   0.3000000E+02   0.4119005E+01   0.2868521E+02   0.3854105E+00   0.3813552E+00   0.6135648E-03 S0076  
   0.8200000E+02   0.3000000E+02   0.5038395E+01   0.2271897E+02   0.4556855E+00   0.4969490E+00   0.1107351E-01 S0077  
   0.8400000E+02   0.3000000E+02   0.6631777E+01   0.2281454E+02   0.3369507E+00   0.5260276E+00   0.7060816E-02 S0078  
   0.8600000E+02   0.3000000E+02   0.1097866E+02   0.2273090E+02   0.3471268E+00   0.5626234E+00   0.3653463E-02 S0079  
   0.8800000E+02   0.3000000E+02   0.1392771E+02   0.2167243E+02   0.3404008E+00   0.6727605E+00  -0.3410941E-02 S0080  
   0.9000000E+02   0.3000000E+02   0.1613507E+02   0.1977861E+02   0.3318011E+00   0.5369020E+00  -0.8854513E-02 S0081  
   0.9200000E+02   0.3000000E+02   0.2155262E+02   0.1495708E+02   0.3802475E+00   0.6479858E+00   0.9573269E-02 S0082  
   0.9400000E+02   0.3000000E+02   0.2102080E+02   0.7998514E+01   0.6690573E+00   0.8002036E+00  -0.9896318E-02 S0083  
   0.9600000E+02   0.3000000E+02   0.1862197E+02   0.9436797E+00   0.4769464E+00   0.5306985E+00   0.1032390E-01 S0084  
   0.9800000E+02   0.3000000E+02   0.1786635E+02  -0.4993061E+01   0.4215056E+00   0.5763202E+00   0.2287088E-02 S0085  
   0.1000000E+03   0.3000000E+02   0.1519351E+02  -0.9395776E+01   0.3307106E+00   0.4120494E+00   0.1178433E-01 S0086  
   0.1040000E+03   0.3000000E+02   0.6857975E+01  -0.2306239E+01   0.3187234E+00   0.4413852E+00  -0.6487634E-02 S0088  
   0.1060000E+03   0.3000000E+02   0.6295596E+01  -0.1989916E+01   0.4601689E+00   0.5073406E+00  -0.4768478E-01 S0089  
   0.7400000E+02   0.3100000E+02   0.3536626E+01   0.3220708E+02   0.1892559E+01   0.1887743E+01   0.3484749E-05 S0090  
   0.7600000E+02   0.3100000E+02   0.3728909E+01   0.3206265E+02   0.7526906E+00   0.7410043E+00  -0.9679573E-05 S0091  
   0.7800000E+02   0.3100000E+02   0.2620362E+01   0.2991860E+02   0.4191498E+00   0.4620337E+00  -0.4249902E-03 S0092  
   0.8000000E+02   0.3100000E+02   0.1552724E+01   0.2085450E+02   0.3375503E+00   0.4061297E+00   0.1256273E-01 S0093  
   0.8400000E+02   0.3100000E+02   0.7220801E+01   0.2134174E+02   0.3150714E+00   0.4865272E+00   0.5572725E-02 S0094  
   0.8600000E+02   0.3100000E+02   0.1099943E+02   0.2141577E+02   0.3291880E+00   0.6748835E+00   0.8325282E-02 S0095  
   0.8800000E+02   0.3100000E+02   0.1493617E+02   0.2052867E+02   0.3379806E+00   0.5829039E+00  -0.2922259E-02 S0096  
   0.9400000E+02   0.3100000E+02   0.2283847E+02   0.7528091E+01   0.5403489E+00   0.6825306E+00  -0.1332113E-01 S0099  
   0.9600000E+02   0.3100000E+02   0.2271524E+02   0.1272377E+01   0.4476917E+00   0.5596337E+00   0.3524547E-03 S0100  
   0.1020000E+03   0.3100000E+02   0.1473606E+02  -0.3136240E+01   0.3330710E+00   0.3571516E+00  -0.4597940E-02 S0101  
   0.1040000E+03   0.3100000E+02   0.7925063E+01  -0.2331099E+01   0.3213148E+00   0.3779551E+00  -0.2040404E-02 S0102  
   0.1060000E+03   0.3100000E+02   0.6468158E+01  -0.2255957E+01   0.4215937E+00   0.4491989E+00  -0.2775094E-01 S0103  
   0.1080000E+03   0.3100000E+02   0.6496520E+01  -0.2010991E+01   0.6019948E+00   0.5763814E+00  -0.6165439E-03 S0104  
   0.7400000E+02   0.3200000E+02   0.2543312E+01   0.3176811E+02   0.1389621E+01   0.1390407E+01   0.9858651E-05 S0105  
   0.7800000E+02   0.3200000E+02  -0.3264336E+00   0.2511347E+02   0.6213053E+00   0.7503322E+00  -0.3987065E-02 S0107  
   0.8000000E+02   0.3200000E+02   0.8209364E+00   0.1858052E+02   0.3035740E+00   0.4696167E+00   0.1511816E-01 S0108  
   0.8200000E+02   0.3200000E+02   0.4317790E+01   0.1912689E+02   0.3334524E+00   0.5627145E+00  -0.1800019E-02 S0109  
   0.8400000E+02   0.3200000E+02   0.7470468E+01   0.1997350E+02   0.3238775E+00   0.5145309E+00  -0.1811027E-02 S0110  
   0.8800000E+02   0.3200000E+02   0.1480601E+02   0.1926455E+02   0.3620692E+00   0.6317648E+00   0.3255860E-02 S0112  
   0.9000000E+02   0.3200000E+02   0.1767494E+02   0.1677810E+02   0.3296190E+00   0.6144547E+00  -0.1878912E-02 S0113  
   0.9200000E+02   0.3200000E+02   0.2283571E+02   0.1223036E+02   0.2912835E+00   0.4692735E+00  -0.5532308E-02 S0114  
   0.9600000E+02   0.3200000E+02   0.2369230E+02   0.2590749E+01   0.4714945E+00   0.6649594E+00  -0.6086391E-02 S0115  
   0.9800000E+02   0.3200000E+02   0.2325516E+02  -0.5009307E+00   0.4371981E+00   0.5721048E+00   0.1023337E-01 S0116  
   0.1000000E+03   0.3200000E+02   0.1748886E+02  -0.2433996E+01   0.3202224E+00   0.4672984E+00  -0.4974900E-02 S0117  
   0.1020000E+03   0.3200000E+02   0.1434311E+02  -0.3191960E+01   0.3966560E+00   0.4880272E+00  -0.5409622E-02 S0118  
   0.1040000E+03   0.3200000E+02   0.1393676E+02  -0.2062720E+01   0.4041807E+00   0.3647622E+00  -0.1157171E-02 S0119  
   0.1080000E+03   0.3200000E+02   0.6229202E+01  -0.2227236E+01   0.6071464E+00   0.6175281E+00   0.1928877E-02 S0120  
   0.7400000E+02   0.3300000E+02   0.1640804E+01   0.3081748E+02   0.8943252E+00   0.9051952E+00   0.2296367E-04 S0121  
   0.7600000E+02   0.3300000E+02  -0.1206987E+01   0.2661132E+02   0.7249974E+00   0.7560264E+00   0.2683102E-02 S0122  
   0.8000000E+02   0.3300000E+02   0.1618362E+01   0.1745784E+02   0.2722428E+00   0.3926520E+00   0.3237663E-02 S0123  
   0.8200000E+02   0.3300000E+02   0.4969901E+01   0.1823042E+02   0.3631548E+00   0.7078460E+00  -0.3320025E-03 S0124  
   0.8400000E+02   0.3300000E+02   0.7634182E+01   0.1878920E+02   0.3785870E+00   0.5858234E+00  -0.8371553E-02 S0125  
   0.8600000E+02   0.3300000E+02   0.9858943E+01   0.2002906E+02   0.4951735E+00   0.9048794E+00   0.8345943E-02 S0126  
   0.8800000E+02   0.3300000E+02   0.1467354E+02   0.1812403E+02   0.4410368E+00   0.8857841E+00   0.2280849E-02 S0127  
   0.9000000E+02   0.3300000E+02   0.1788615E+02   0.1562728E+02   0.4470030E+00   0.9115205E+00   0.1079329E-02 S0128  
   0.9200000E+02   0.3300000E+02   0.2096880E+02   0.1144172E+02   0.3551887E+00   0.4947823E+00  -0.3896713E-02 S0129  
   0.9400000E+02   0.3300000E+02   0.2392528E+02   0.7828470E+01   0.4524569E+00   0.8707760E+00  -0.4009685E-02 S0130  
   0.9600000E+02   0.3300000E+02   0.2325204E+02   0.4538834E+01   0.4577064E+00   0.7181906E+00  -0.1040554E-01 S0131  
   0.9800000E+02   0.3300000E+02   0.2058665E+02   0.1890406E+01   0.3908334E+00   0.5892286E+00   0.8698101E-02 S0132  
   0.1000000E+03   0.3300000E+02   0.1731571E+02   0.4071976E+00   0.3043897E+00   0.5680786E+00  -0.1432111E-02 S0133  
   0.1020000E+03   0.3300000E+02   0.1475366E+02  -0.4428007E+00   0.3826026E+00   0.5946746E+00  -0.1102059E-01 S0134  
   0.1040000E+03   0.3300000E+02   0.1124310E+02  -0.2015770E+01   0.4220073E+00   0.4109877E+00  -0.3740441E-02 S0135  
   0.1080000E+03   0.3300000E+02   0.7127333E+01  -0.2643092E+01   0.4966956E+00   0.4966528E+00   0.3123037E-02 S0137  
   0.1100000E+03   0.3300000E+02   0.5437091E+01  -0.2477843E+01   0.7081847E+00   0.6902575E+00   0.3379024E-05 S0138  
   0.7400000E+02   0.3400000E+02   0.3308744E+00   0.2941554E+02   0.6003243E+00   0.6047269E+00   0.3038882E-03 S0139  
   0.7600000E+02   0.3400000E+02  -0.1144823E+01   0.2444775E+02   0.7394010E+00   0.7718259E+00   0.7309872E-02 S0140  
   0.7800000E+02   0.3400000E+02  -0.3673185E+01   0.1911812E+02   0.5227888E+00   0.7042397E+00   0.4358423E-02 S0141  
   0.8000000E+02   0.3400000E+02   0.1078189E+01   0.1702071E+02   0.3023830E+00   0.4742073E+00   0.2003999E-02 S0142  
   0.8200000E+02   0.3400000E+02   0.5257981E+01   0.1755858E+02   0.3619580E+00   0.6037154E+00   0.4239766E-02 S0143  
   0.8400000E+02   0.3400000E+02   0.7119172E+01   0.1833831E+02   0.3869334E+00   0.7914535E+00  -0.4443843E-03 S0144  
   0.8600000E+02   0.3400000E+02   0.9431267E+01   0.1938413E+02   0.5609012E+00   0.1087745E+01  -0.3075108E-02 S0145  
   0.8800000E+02   0.3400000E+02   0.1475057E+02   0.1780988E+02   0.5321799E+00   0.1088357E+01   0.1122146E-01 S0146  
   0.9000000E+02   0.3400000E+02   0.1744002E+02   0.1480115E+02   0.5209907E+00   0.1157926E+01   0.6802140E-02 S0147  
   0.9200000E+02   0.3400000E+02   0.1951458E+02   0.1128938E+02   0.3835576E+00   0.5596535E+00  -0.1948634E-02 S0148  
   0.9400000E+02   0.3400000E+02   0.2198872E+02   0.6830835E+01   0.3890914E+00   0.7809999E+00   0.2770006E-02 S0149  
   0.9800000E+02   0.3400000E+02   0.1754381E+02   0.4513980E+01   0.3558306E+00   0.5159371E+00   0.3225784E-02 S0150  
   0.1000000E+03   0.3400000E+02   0.1568702E+02   0.3242244E+01   0.3092135E+00   0.4792360E+00  -0.2435139E-02 S0151  
   0.1040000E+03   0.3400000E+02   0.9652117E+01  -0.5512281E+00   0.3544210E+00   0.3913172E+00  -0.6363021E-03 S0153  
   0.1060000E+03   0.3400000E+02   0.6184309E+01  -0.2241408E+01   0.3520454E+00   0.4154035E+00   0.1707639E-01 S0154  
   0.1080000E+03   0.3400000E+02   0.6622924E+01  -0.2356159E+01   0.3915183E+00   0.3958841E+00  -0.3231938E-02 S0155  
   0.7400000E+02   0.3500000E+02  -0.8295146E+00   0.2645297E+02   0.9490172E+00   0.9536828E+00   0.1814284E-02 S0156  
   0.7600000E+02   0.3500000E+02  -0.2594118E+01   0.2324694E+02   0.7450164E+00   0.7995386E+00   0.1482841E-01 S0157  
   0.7800000E+02   0.3500000E+02  -0.1558583E+01   0.1851379E+02   0.4216401E+00   0.6615327E+00   0.9459598E-02 S0158  
   0.8000000E+02   0.3500000E+02  -0.9727440E+00   0.1630277E+02   0.3198884E+00   0.4600069E+00  -0.1209895E-01 S0159  
   0.8200000E+02   0.3500000E+02   0.5582018E+01   0.1667289E+02   0.4077904E+00   0.7375454E+00  -0.5703568E-02 S0160  
   0.8800000E+02   0.3500000E+02   0.1169751E+02   0.1704701E+02   0.6191515E+00   0.1342321E+01   0.1476763E-01 S0163  
   0.9000000E+02   0.3500000E+02   0.1635341E+02   0.1451664E+02   0.5926482E+00   0.1330873E+01   0.1885468E-01 S0164  
   0.9600000E+02   0.3500000E+02   0.1712767E+02   0.8003765E+01   0.3487289E+00   0.6877611E+00  -0.2141847E-02 S0165  
   0.9800000E+02   0.3500000E+02   0.1707160E+02   0.5966623E+01   0.3088265E+00   0.4275622E+00   0.8284384E-02 S0166  
   0.1000000E+03   0.3500000E+02   0.1229540E+02   0.4844643E+01   0.2971628E+00   0.5169132E+00   0.3938018E-02 S0167  
   0.1020000E+03   0.3500000E+02   0.1082641E+02   0.3111350E+01   0.2837835E+00   0.3984306E+00   0.5378032E-02 S0168  
   0.1040000E+03   0.3500000E+02   0.9397838E+01   0.3402131E+00   0.2821057E+00   0.3758836E+00   0.3550511E-02 S0169  
   0.1060000E+03   0.3500000E+02   0.6988615E+01  -0.2173434E+01   0.2602689E+00   0.3015271E+00  -0.1482429E-01 S0170  
   0.1080000E+03   0.3500000E+02   0.6718152E+01  -0.2066794E+01   0.3769744E+00   0.3820609E+00  -0.1718057E-01 S0171  
   0.7400000E+02   0.3600000E+02  -0.2388918E+01   0.2409430E+02   0.9433103E+00   0.9370807E+00   0.5822845E-03 S0172  
   0.7600000E+02   0.3600000E+02  -0.7916982E+00   0.2133628E+02   0.7330670E+00   0.8356324E+00   0.2110126E-01 S0173  
   0.7800000E+02   0.3600000E+02  -0.1805600E+01   0.1854083E+02   0.3116291E+00   0.4498930E+00   0.8429749E-02 S0174  
   0.8400000E+02   0.3600000E+02   0.6087561E+01   0.1517546E+02   0.3484899E+00   0.6530523E+00   0.1088842E-01 S0177  
   0.8600000E+02   0.3600000E+02   0.4370502E+01   0.1642378E+02   0.4410095E+00   0.7753232E+00  -0.1585829E-02 S0178  
   0.8800000E+02   0.3600000E+02   0.5977619E+01   0.1573727E+02   0.6020321E+00   0.1363178E+01   0.6307633E-02 S0179  
   0.9400000E+02   0.3600000E+02   0.1123649E+02   0.7331993E+01   0.2763541E+00   0.4819420E+00  -0.1474893E-03 S0181  
   0.9600000E+02   0.3600000E+02   0.1012026E+02   0.8725245E+01   0.2905678E+00   0.5529699E+00   0.7217318E-02 S0182  
   0.9800000E+02   0.3600000E+02   0.1069126E+02   0.7130868E+01   0.2969561E+00   0.4882407E+00   0.4588641E-02 S0183  
   0.1000000E+03   0.3600000E+02   0.1108533E+02   0.4646075E+01   0.2950132E+00   0.4609520E+00   0.2208962E-02 S0184  
   0.1020000E+03   0.3600000E+02   0.1022699E+02   0.2878360E+01   0.2709560E+00   0.3640272E+00   0.9016151E-02 S0185  
   0.1040000E+03   0.3600000E+02   0.9729841E+01   0.6966786E+00   0.2626860E+00   0.3831615E+00   0.3712269E-02 S0186  
   0.1060000E+03   0.3600000E+02   0.7362679E+01  -0.2036236E+01   0.2613444E+00   0.3148821E+00  -0.1660526E-01 S0187  
   0.1080000E+03   0.3600000E+02   0.5071869E+01  -0.1955524E+01   0.5142989E+00   0.5376031E+00  -0.2452653E-01 S0188  
   0.7400000E+02   0.3700000E+02  -0.3005922E+01   0.2306984E+02   0.8833131E+00   0.8471974E+00   0.5279161E-03 S0189  
   0.7600000E+02   0.3700000E+02  -0.1322456E+01   0.2062004E+02   0.5258654E+00   0.5685063E+00   0.1932363E-01 S0190  
   0.7800000E+02   0.3700000E+02  -0.2657590E+01   0.1883814E+02   0.3286475E+00   0.4987866E+00   0.8709838E-02 S0191  
   0.8000000E+02   0.3700000E+02  -0.2463905E+01   0.1640197E+02   0.3886139E+00   0.5145985E+00  -0.5525665E-02 S0192  
   0.8200000E+02   0.3700000E+02  -0.2106040E+01   0.1338596E+02   0.4367739E+00   0.5289444E+00  -0.6070428E-02 S0193  
   0.8400000E+02   0.3700000E+02  -0.3787543E+00   0.1280601E+02   0.3510898E+00   0.5069107E+00   0.1147343E-01 S0194  
   0.8600000E+02   0.3700000E+02   0.3193837E+01   0.1344146E+02   0.4269217E+00   0.7180814E+00  -0.6141586E-03 S0195  
   0.8800000E+02   0.3700000E+02   0.4598927E+01   0.1348094E+02   0.5411524E+00   0.1190301E+01   0.1374149E-02 S0196  
   0.9000000E+02   0.3700000E+02   0.8178570E+01   0.1337440E+02   0.4665911E+00   0.8616715E+00  -0.1956628E-01 S0197  
   0.9200000E+02   0.3700000E+02   0.9056706E+01   0.1131831E+02   0.3083327E+00   0.6355301E+00   0.9332549E-02 S0198  
   0.9400000E+02   0.3700000E+02   0.8120487E+01   0.8904942E+01   0.2812469E+00   0.6205745E+00  -0.2081637E-02 S0199  
   0.9600000E+02   0.3700000E+02   0.9558069E+01   0.7811245E+01   0.2806202E+00   0.5173006E+00   0.7808178E-02 S0200  
   0.9800000E+02   0.3700000E+02   0.8494523E+01   0.5986723E+01   0.2755727E+00   0.4655563E+00   0.1419110E-02 S0201  
   0.1000000E+03   0.3700000E+02   0.9054188E+01   0.3477097E+01   0.2858910E+00   0.3967876E+00   0.1416988E-02 S0202  
   0.1020000E+03   0.3700000E+02   0.9790284E+01   0.2180025E+01   0.2919049E+00   0.3927135E+00   0.2774598E-02 S0203  
   0.1060000E+03   0.3700000E+02   0.6004994E+01  -0.5465606E+00   0.2567951E+00   0.3211976E+00   0.3909020E-02 S0205  
   0.1080000E+03   0.3700000E+02   0.5387203E+01  -0.1903730E+01   0.4886127E+00   0.4904969E+00  -0.1361793E-01 S0206  
   0.7400000E+02   0.3800000E+02  -0.3003888E+01   0.2181280E+02   0.5901108E+00   0.5400575E+00   0.3525132E-03 S0207  
   0.7600000E+02   0.3800000E+02  -0.1389123E+01   0.2034369E+02   0.4525244E+00   0.4131572E+00   0.3465409E-02 S0208  
   0.7800000E+02   0.3800000E+02   0.5036591E-01   0.1894369E+02   0.4838955E+00   0.5234169E+00  -0.1412827E-02 S0209  
   0.8000000E+02   0.3800000E+02  -0.7319342E+00   0.1634745E+02   0.6067786E+00   0.6749680E+00  -0.2300964E-02 S0210  
   0.8200000E+02   0.3800000E+02  -0.1025503E+00   0.1334005E+02   0.8121675E+00   0.9142313E+00   0.8117221E-03 S0211  
   0.8400000E+02   0.3800000E+02   0.6073712E+00   0.1236242E+02   0.4605484E+00   0.6243473E+00   0.1411410E-01 S0212  
   0.8600000E+02   0.3800000E+02   0.1242412E+01   0.1149464E+02   0.4600099E+00   0.7061472E+00   0.1177510E-01 S0213  
   0.9000000E+02   0.3800000E+02   0.6859577E+01   0.1083635E+02   0.3051180E+00   0.4894079E+00  -0.2277416E-01 S0215  
   0.9200000E+02   0.3800000E+02   0.8144746E+01   0.9960662E+01   0.2371792E+00   0.4554392E+00   0.3820739E-02 S0216  
   0.9400000E+02   0.3800000E+02   0.6494768E+01   0.6970960E+01   0.2577715E+00   0.5910355E+00   0.7788196E-03 S0217  
   0.9600000E+02   0.3800000E+02   0.6616314E+01   0.5777412E+01   0.3370654E+00   0.6890698E+00  -0.4661544E-02 S0218  
   0.9800000E+02   0.3800000E+02   0.7058639E+01   0.4636220E+01   0.3495639E+00   0.6502005E+00  -0.5576310E-03 S0219  
   0.1020000E+03   0.3800000E+02   0.5094013E+01   0.1354107E+01   0.2608449E+00   0.3581326E+00   0.2736134E-02 S0221  
   0.1040000E+03   0.3800000E+02   0.6525292E+01   0.6819266E+00   0.3590091E+00   0.5829414E+00   0.1807112E-02 S0222  
   0.1060000E+03   0.3800000E+02   0.4992872E+01  -0.4939250E+00   0.3080773E+00   0.4018562E+00   0.1200989E-01 S0223  
   0.1080000E+03   0.3800000E+02   0.5191743E+01  -0.1497225E+01   0.4995824E+00   0.5465410E+00  -0.3769460E-01 S0224  
   0.7600000E+02   0.3900000E+02   0.1362510E+01   0.1954728E+02   0.3900429E+00   0.3938801E+00   0.1356634E-03 S0225  
   0.7800000E+02   0.3900000E+02   0.3343017E+00   0.1820684E+02   0.5768359E+00   0.5974231E+00  -0.7871379E-03 S0226  
   0.8000000E+02   0.3900000E+02   0.4962792E+00   0.1637129E+02   0.9052336E+00   0.9250054E+00  -0.5639231E-03 S0227  
   0.8200000E+02   0.3900000E+02   0.7380844E+00   0.1421902E+02   0.1009019E+01   0.1035068E+01   0.4365439E-03 S0228  
   0.8400000E+02   0.3900000E+02   0.2078685E+01   0.1204927E+02   0.5595061E+00   0.6023120E+00   0.2538882E-02 S0229  
   0.8600000E+02   0.3900000E+02   0.4932153E+01   0.1003919E+02   0.7257641E+00   0.9760180E+00   0.1169042E-01 S0230  
   0.8800000E+02   0.3900000E+02   0.1823329E+01   0.9047403E+01   0.3519907E+00   0.4931140E+00   0.1588586E-01 S0231  
   0.9000000E+02   0.3900000E+02   0.2246099E+01   0.8151879E+01   0.3220394E+00   0.5690153E+00  -0.2779142E-01 S0232  
   0.9400000E+02   0.3900000E+02   0.5730118E+01   0.5403359E+01   0.2382331E+00   0.4332865E+00  -0.2627080E-02 S0234  
   0.9600000E+02   0.3900000E+02   0.4997672E+01   0.4383136E+01   0.3109091E+00   0.6911309E+00  -0.1617670E-02 S0235  
   0.9800000E+02   0.3900000E+02   0.4929439E+01   0.3260542E+01   0.3135098E+00   0.5677217E+00  -0.1092534E-02 S0236  
   0.1000000E+03   0.3900000E+02   0.4166717E+01   0.1528962E+01   0.2562127E+00   0.3710903E+00   0.3866532E-02 S0237  
   0.1020000E+03   0.3900000E+02   0.3697827E+01   0.6787064E+00   0.2609399E+00   0.4062911E+00  -0.2089317E-02 S0238  
   0.1040000E+03   0.3900000E+02   0.5755169E+01   0.1525958E+00   0.3930472E+00   0.6279489E+00  -0.8222946E-03 S0239  
   0.1060000E+03   0.3900000E+02   0.4432893E+01  -0.3989649E+00   0.2823234E+00   0.3391119E+00   0.8784724E-03 S0240  
   0.1080000E+03   0.3900000E+02   0.4284194E+01  -0.1445380E+01   0.4849116E+00   0.5340374E+00  -0.3217408E-01 S0241  
   0.7400000E+02   0.4000000E+02  -0.5020813E+00   0.1214994E+02   0.5875112E+00   0.5550987E+00   0.3120847E-06 S0242  
   0.7800000E+02   0.4000000E+02   0.1381199E+01   0.1602784E+02   0.4526133E+00   0.4457423E+00  -0.7582544E-05 S0244  
   0.8000000E+02   0.4000000E+02   0.1520320E+01   0.1564111E+02   0.7071471E+00   0.7280821E+00  -0.5175342E-04 S0245  
   0.8200000E+02   0.4000000E+02   0.1828575E+01   0.1463583E+02   0.8953111E+00   0.8838516E+00   0.1186092E-03 S0246  
   0.8400000E+02   0.4000000E+02   0.2049130E+01   0.1189964E+02   0.7116972E+00   0.6814789E+00   0.3206801E-03 S0247  
   0.8600000E+02   0.4000000E+02   0.4675340E+01   0.9877317E+01   0.9728995E+00   0.1072089E+01   0.1036359E-01 S0248  
   0.8800000E+02   0.4000000E+02   0.3343417E+01   0.8802184E+01   0.4242868E+00   0.5765195E+00   0.2136885E-01 S0249  
   0.9000000E+02   0.4000000E+02   0.4059579E+00   0.7387999E+01   0.5023271E+00   0.9837747E+00  -0.2535328E-01 S0250  
   0.9200000E+02   0.4000000E+02   0.3079023E+01   0.6593387E+01   0.5178345E+00   0.8960317E+00  -0.1763227E-01 S0251  
   0.9400000E+02   0.4000000E+02   0.4833003E+01   0.4905693E+01   0.2789036E+00   0.5283028E+00  -0.1232038E-02 S0252  
   0.9600000E+02   0.4000000E+02   0.3622496E+01   0.3945077E+01   0.2508590E+00   0.4368336E+00   0.1284074E-02 S0253  
   0.1000000E+03   0.4000000E+02   0.2931548E+01   0.1087067E+01   0.3124322E+00   0.5342287E+00  -0.4917252E-02 S0255  
   0.1060000E+03   0.4000000E+02   0.5408389E+01  -0.5221420E+00   0.3297918E+00   0.4694825E+00  -0.4291834E-02 S0257  
   0.1080000E+03   0.4000000E+02   0.4619035E+01  -0.1377123E+01   0.4803900E+00   0.5019482E+00  -0.1024944E-01 S0258  
   0.7600000E+02   0.4100000E+02   0.4839455E+00   0.1057405E+02   0.5016795E+00   0.5010657E+00  -0.1125708E-08 S0260  
   0.7800000E+02   0.4100000E+02   0.2097176E+01   0.1366772E+02   0.4295437E+00   0.4462560E+00  -0.5937366E-06 S0261  
   0.8000000E+02   0.4100000E+02   0.2258284E+01   0.1395642E+02   0.5440795E+00   0.5561982E+00  -0.3465891E-07 S0262  
   0.8200000E+02   0.4100000E+02   0.3001751E+01   0.1291051E+02   0.6419521E+00   0.6315131E+00   0.5666356E-05 S0263  
   0.8400000E+02   0.4100000E+02   0.2680606E+01   0.1166908E+02   0.6428005E+00   0.6366627E+00   0.1038612E-03 S0264  
   0.8600000E+02   0.4100000E+02   0.3245581E+01   0.9944402E+01   0.7750952E+00   0.8019080E+00   0.4153803E-02 S0265  
   0.8800000E+02   0.4100000E+02   0.4393691E+01   0.7956342E+01   0.4835184E+00   0.5974222E+00  -0.1168766E-01 S0266  
   0.9000000E+02   0.4100000E+02   0.4005350E+01   0.6987858E+01   0.7015358E+00   0.9430470E+00  -0.3907470E-01 S0267  
   0.9200000E+02   0.4100000E+02   0.2658753E+01   0.5938319E+01   0.6300046E+00   0.9276506E+00  -0.7826858E-02 S0268  
   0.9400000E+02   0.4100000E+02   0.3969218E+01   0.4056455E+01   0.4462232E+00   0.7605638E+00   0.1362594E-01 S0269  
   0.9600000E+02   0.4100000E+02   0.2721732E+01   0.3049026E+01   0.3491137E+00   0.4897668E+00  -0.1272144E-01 S0270  
   0.9800000E+02   0.4100000E+02   0.3318902E+01   0.1490680E+01   0.3433521E+00   0.7867222E+00  -0.5302568E-03 S0271  
   0.1000000E+03   0.4100000E+02   0.3919102E+01   0.9459767E+00   0.4804502E+00   0.6641700E+00  -0.3311360E-01 S0272  
   0.1020000E+03   0.4100000E+02   0.3167496E+01   0.2198477E+00   0.5966468E+00   0.8645934E+00  -0.1608206E-01 S0273  
   0.1040000E+03   0.4100000E+02   0.2469427E+01  -0.7146221E+00   0.5355729E+00   0.7624428E+00  -0.8637755E-02 S0274  
   0.1060000E+03   0.4100000E+02   0.3676209E+01  -0.1065418E+01   0.4574970E+00   0.6888114E+00  -0.5016756E-02 S0275  
   0.1080000E+03   0.4100000E+02   0.3452229E+01  -0.1642194E+01   0.3983357E+00   0.3782072E+00   0.6686740E-03 S0276  
   0.7400000E+02   0.4200000E+02  -0.2160038E+00   0.3971222E+01   0.4619201E+00   0.4665948E+00   0.3060729E-10 S0277  
   0.7600000E+02   0.4200000E+02   0.4934384E+00   0.6573324E+01   0.4154961E+00   0.4164867E+00  -0.2339590E-09 S0278  
   0.7800000E+02   0.4200000E+02   0.1534375E+01   0.1001729E+02   0.4562897E+00   0.4671415E+00  -0.2030433E-07 S0279  
   0.8000000E+02   0.4200000E+02   0.2979852E+01   0.9589230E+01   0.5059449E+00   0.5011166E+00   0.3082861E-08 S0280  
   0.8400000E+02   0.4200000E+02   0.3569570E+01   0.9608272E+01   0.4867154E+00   0.5048636E+00   0.5734363E-05 S0282  
   0.8800000E+02   0.4200000E+02   0.4503016E+01   0.6857463E+01   0.4707058E+00   0.4685893E+00  -0.3463431E-02 S0284  
   0.9000000E+02   0.4200000E+02   0.4101472E+01   0.6510234E+01   0.6987436E+00   0.7598624E+00  -0.1142797E-01 S0285  
   0.9200000E+02   0.4200000E+02   0.3500860E+01   0.5638026E+01   0.9662241E+00   0.1165277E+01   0.1519197E-01 S0286  
   0.9400000E+02   0.4200000E+02   0.3967098E+01   0.4127731E+01   0.4788451E+00   0.5463408E+00   0.2051594E-01 S0287  
   0.9600000E+02   0.4200000E+02   0.3040308E+01   0.2611249E+01   0.5865091E+00   0.7432379E+00  -0.8558718E-04 S0288  
   0.9800000E+02   0.4200000E+02   0.4897200E+01   0.1126616E+01   0.6083217E+00   0.1227059E+01  -0.7131789E-02 S0289  
   0.1000000E+03   0.4200000E+02   0.5513256E+01   0.8040112E+00   0.7655636E+00   0.1103893E+01  -0.2505659E-01 S0290  
   0.1040000E+03   0.4200000E+02   0.2478888E+01  -0.1155381E+01   0.9806315E+00   0.1201432E+01   0.3540504E-02 S0291  
   0.1060000E+03   0.4200000E+02   0.3307249E+01  -0.1652233E+01   0.9382933E+00   0.1298812E+01   0.1226723E-01 S0292  
   0.1100000E+03   0.4300000E+02   0.2958734E+01  -0.6559113E+00   0.1384443E+01   0.1371470E+01   0.1061919E-04 S0293  
