# 1 Hellenic west
20.15 38.25
20.5 37.93
22.0 36.6  
23.6 35.2
# 2 Hellenic east (central)
23.6 35.2
24.9 34.9
26.3 35.0
# 2 Hellenic east (east)
26.3 35.0
27.9 35.7
28.5 36.5
# 3 Eastern Mediterranean (west)
28.5 36.5
29.0 36.5
29.2 36.2
30.5 36.2
30.8 36.9
31.4 36.85
# 3 Eastern Mediterranean (east)
31.4 36.85
32.0 36.5
32.6 36.0
34.0 36.2
34.5 36.6
35.38 36.56
# 4 East Anatolian Fault
    35.38     36.56
    36.02     37.00
    36.85     37.37
    37.54     37.72
    38.41     38.08
    39.22     38.37
    40.57     38.93
    41.11     39.29
# 5 Eastern boundary
    41.11     39.29
    41.11     40.2
    41.11     41.2
# 6 Black Sea Coast
41.11 41.2
40.2 41.0
39.2 41.1
38.4 41.0
36.7 41.4
35.0 42.2
33.6 42.1
31.5 41.4
29.4 41.4
28.6 42.0
# 7 Balkan transect
28.6 42.0
18.7 42.0
19.5  40.1
19.2 39.9
20.5 38.8
20.5 38.5
20.15 38.25
#
