# 2001 North Anatolian Fault
    41.11     39.29
    40.47     39.44
    39.51     39.77
    38.23     40.16
    37.02     40.55
    35.98     40.93
    35.37     41.09
    34.29     41.11
    33.89     41.08
    32.59     40.85
    31.20     40.58
    30.80     40.57
    30.08     40.73
    29.29     40.78
    28.84     40.86
    27.67     40.90
    26.41     40.51
    25.07     40.23
    24.41     39.87
    23.67     39.23
# 2002 Corinth Fault
20.5 37.93
21.3 38.25
22.0 38.4
23.0 38.16
23.5 38.1
#
